16 1 11 1 7 4 17 13 24 24 11 6 20 21 0 23 21 16 7 5 17 4 1 6 6 20 21 4 6 17 17 0
16 10 15 2 17 10 3 15 16 22 0 23 18 5 10 7 13 3 12 2 17 14 23 24 20 23 23 10 11 0 7 0
11 1 7 15 13 0 6 14 17 5 17 4 21 1 7 5 4 25 17 13 0 6 20 21 5 21 5 25 11 5 6 17
16 13 13 4 6 7 24 3 23 14 2 3 13 16 12 25 9 14 2 20 8 7 12 6 15 24 21 19 13 9 14 19
4 11 15 20 13 24 24 17 0 19 17 6 20 21 0 23 1 18 21 6 13 5 20 13 15 23 21 0 19 6 20 17
9 3 7 19 1 21 6 4 4 24 7 13 13 13 13 9 7 0 5 12 21 14 24 17 15 15 23 8 25 14 21 24
19 21 14 5 1 0 11 1 7 23 0 1 9 17 24 21 6 17 4 1 6 6 20 21 4 6 17 17 0 25 13 11
21 23 16 19 13 20 11 25 6 22 19 13 6 20 2 3 6 7 2 25 6 24 21 22 10 6 17 1 4 20 1 22
14 17 18 7 0 14 7 6 21 6 21 5 0 17 8 17 4 17 24 21 6 17 10 17 10 15 17 2 6 9 20 17
12 4 12 24 20 25 19 7 8 16 9 23 0 22 24 13 15 1 21 5 11 2 20 12 25 5 1 17 0 25 1 13
0 7 5 17 16 24 21 23 17 6 20 21 5 14 17 15 13 7 5 17 21 6 5 0 1 6 4 21 19 20 6 10
12 23 19 23 4 19 11 17 20 23 10 18 14 20 11 21 17 12 10 9 23 12 17 14 16 23 13 19 20 14 7 13
